732 704
9 9 1 5 7 2 2 4 1 8 4 5 7 4 5 10 3 8 2 6 7 7 2 3 10 3 5 2 4 2 6 8 10 10 8 9 2 10 7 9 6 1 7 1 10 10 5 10 9 5 3 10 4 2 9 9 9 5 1 9 9 1 10 10 6 8 5 6 9 6 10 10 4 10 9 8 5 7 5 5 1 3 6 10 4 9 2 7 9 6 3 6 10 1 8 1 10 1 4 3 8 7 3 8 4 10 5 2 6 10 3 4 9 7 5 2 9 9 5 2 7 10 7 2 10 10 10 3 6 10 9 6 10 8 4 3 8 3 8 1 8 2 9 3 1 9 10 4 9 9 6 10 5 7 9 10 10 4 7 6 2 5 4 8 2 5 4 5 1 1 10 10 10 3 10 6 9 4 10 9 5 3 2 3 2 8 10 10 4 5 9 10 3 7 10 8 4 10 3 9 5 1 9 6 10 7 2 4 10 4 2 2 1 5 2 1 5 5 9 3 8 10 4 5 10 6 8 10 6 3 9 10 6 7 10 5 1 1 8 2 1 1 10 7 2 6 10 10 8 8 10 1 5 1 2 4 7 10 4 4 3 3 4 6 5 8 9 5 3 8 3 4 10 4 4 4 8 7 6 10 1 8 4 8 4 3 9 3 6 9 3 8 6 7 2 5 3 5 5 5 2 10 2 4 10 6 5 6 7 4 5 4 1 10 5 2 9 6 1 9 10 7 6 9 9 10 1 8 6 6 5 10 9 3 8 1 8 5 8 8 1 2 6 8 6 2 1 1 2 8 3 8 6 4 3 2 10 8 8 1 8 5 5 6 5 6 2 4 2 1 1 4 10 5 1 4 10 3 3 5 2 5 7 4 10 9 10 2 10 7 3 3 1 9 5 3 1 8 5 7 8 9 2 5 6 9 9 9 1 8 6 3 7 1 6 7 6 4 1 9 2 4 3 3 1 1 6 4 7 3 5 6 6 4 10 9 2 3 6 6 7 3 1 7 6 4 6 5 7 8 7 9 2 1 1 7 2 3 2 10 1 5 8 10 9 10 8 6 6 10 10 1 6 6 5 8 6 5 7 10 8 2 1 9 1 3 9 1 5 9 10 1 7 1 3 6 10 9 10 3 9 3 2 7 3 9 7 6 6 10 2 1 7 4 7 1 5 7 9 6 8 8 1 1 4 4 1 4 7 3 2 3 10 7 3 6 10 1 2 1 9 6 2 10 2 10 6 10 4 7 1 9 5 5 4 3 3 4 6 8 9 8 1 2 7 3 9 10 8 1 10 3 6 7 2 2 8 10 3 5 1 9 10 6 3 10 6 1 8 5 8 1 1 10 6 10 2 2 4 10 4 1 2 2 8 1 6 3 1 7 2 6 9 10 5 5 3 9 10 2 5 8 6 2 3 10 7 10 3 4 1 5 8 6 8 10 7 6 6 4 6 10 7 3 4 4 1 10 3 3 1 9 7 4 3 3 3 2 2 7 7 8 9 6 8 2 2 2 3 6 2 6 8 4 10 2 4 2 8 8 1 2 1 8 9 9 7 8 1 10 10 10 1 10 6 5 5 5 7 6 5 7 5 8 3 3 2 10 10 7 8 8 8 9 2 5 3 3 2 6 10 3 8 4 1 8 2 8 1 2 2 2
1 2
2 3
1 4
1 5
2 6
3 7
6 8
2 9
8 10
8 11
11 12
7 13
4 14
1 15
2 16
11 17
1 18
3 19
12 20
8 21
18 22
4 23
16 24
2 25
22 26
5 27
10 28
17 29
10 30
18 31
9 32
3 33
32 34
3 35
31 36
16 37
18 38
31 39
1 40
37 41
6 42
22 43
30 44
17 45
38 46
2 47
27 48
43 49
7 50
25 51
33 52
22 53
10 54
53 55
29 56
19 57
49 58
32 59
57 60
39 61
9 62
44 63
28 64
26 65
19 66
43 67
55 68
61 69
9 70
47 71
47 72
21 73
57 74
30 75
31 76
26 77
32 78
74 79
2 80
57 81
34 82
80 83
11 84
50 85
23 86
52 87
15 88
35 89
72 90
1 91
31 92
55 93
1 94
58 95
21 96
15 97
64 98
24 99
83 100
45 101
36 102
38 103
62 104
84 105
103 106
89 107
101 108
1 109
50 110
63 111
6 112
5 113
63 114
101 115
46 116
105 117
48 118
68 119
82 120
25 121
103 122
61 123
1 124
97 125
60 126
82 127
10 128
3 129
116 130
46 131
10 132
127 133
38 134
96 135
107 136
17 137
52 138
77 139
50 140
139 141
120 142
49 143
86 144
32 145
4 146
92 147
27 148
102 149
18 150
6 151
63 152
77 153
41 154
6 155
91 156
66 157
142 158
122 159
132 160
53 161
30 162
101 163
151 164
27 165
61 166
158 167
68 168
132 169
24 170
108 171
121 172
38 173
107 174
54 175
160 176
137 177
85 178
89 179
143 180
13 181
1 182
98 183
68 184
31 185
77 186
118 187
13 188
100 189
90 190
45 191
22 192
101 193
72 194
75 195
26 196
129 197
83 198
47 199
36 200
158 201
51 202
189 203
58 204
148 205
77 206
180 207
69 208
144 209
205 210
35 211
8 212
138 213
19 214
208 215
83 216
168 217
114 218
148 219
167 220
105 221
74 222
40 223
164 224
19 225
29 226
144 227
18 228
57 229
64 230
174 231
83 232
182 233
56 234
120 235
233 236
232 237
209 238
82 239
96 240
5 241
10 242
223 243
10 244
150 245
150 246
115 247
58 248
183 249
21 250
227 251
228 252
28 253
247 254
79 255
78 256
63 257
144 258
111 259
198 260
148 261
37 262
154 263
154 264
172 265
17 266
104 267
206 268
38 269
199 270
233 271
239 272
217 273
117 274
151 275
73 276
180 277
9 278
114 279
241 280
164 281
99 282
93 283
11 284
6 285
157 286
147 287
14 288
266 289
164 290
204 291
183 292
113 293
214 294
2 295
5 296
80 297
232 298
24 299
42 300
107 301
125 302
3 303
238 304
59 305
300 306
189 307
193 308
236 309
300 310
309 311
294 312
135 313
299 314
92 315
58 316
74 317
288 318
266 319
118 320
83 321
149 322
68 323
54 324
68 325
146 326
94 327
64 328
90 329
194 330
194 331
318 332
126 333
34 334
334 335
206 336
283 337
7 338
258 339
197 340
158 341
57 342
174 343
184 344
209 345
172 346
250 347
136 348
203 349
248 350
194 351
272 352
122 353
316 354
107 355
296 356
242 357
14 358
263 359
144 360
171 361
260 362
122 363
169 364
307 365
332 366
63 367
172 368
73 369
117 370
147 371
48 372
207 373
306 374
362 375
11 376
265 377
137 378
161 379
278 380
228 381
65 382
129 383
266 384
96 385
144 386
365 387
5 388
266 389
142 390
100 391
360 392
170 393
319 394
257 395
368 396
162 397
88 398
377 399
2 400
198 401
320 402
200 403
17 404
238 405
56 406
138 407
74 408
223 409
389 410
313 411
171 412
218 413
367 414
155 415
289 416
259 417
363 418
417 419
222 420
408 421
229 422
59 423
96 424
16 425
159 426
93 427
113 428
192 429
405 430
324 431
326 432
241 433
410 434
149 435
33 436
195 437
111 438
46 439
350 440
36 441
408 442
181 443
282 444
319 445
44 446
230 447
338 448
229 449
3 450
86 451
67 452
168 453
177 454
328 455
224 456
195 457
147 458
354 459
237 460
436 461
28 462
200 463
138 464
106 465
164 466
67 467
98 468
346 469
318 470
153 471
192 472
390 473
99 474
111 475
303 476
290 477
424 478
155 479
290 480
390 481
3 482
141 483
209 484
378 485
465 486
14 487
141 488
293 489
453 490
246 491
247 492
130 493
488 494
254 495
72 496
33 497
174 498
391 499
243 500
92 501
111 502
33 503
151 504
343 505
438 506
485 507
163 508
499 509
369 510
250 511
307 512
100 513
256 514
442 515
423 516
515 517
131 518
325 519
485 520
445 521
278 522
511 523
6 524
318 525
34 526
438 527
190 528
295 529
208 530
451 531
15 532
224 533
460 534
416 535
294 536
70 537
160 538
336 539
456 540
190 541
98 542
375 543
26 544
65 545
311 546
397 547
506 548
382 549
374 550
195 551
217 552
35 553
452 554
191 555
221 556
516 557
211 558
71 559
514 560
459 561
299 562
545 563
530 564
354 565
44 566
261 567
203 568
204 569
273 570
327 571
289 572
148 573
122 574
149 575
203 576
92 577
569 578
448 579
491 580
260 581
173 582
550 583
364 584
528 585
508 586
339 587
116 588
265 589
55 590
168 591
256 592
13 593
510 594
586 595
576 596
446 597
574 598
473 599
179 600
479 601
550 602
244 603
304 604
560 605
241 606
365 607
370 608
277 609
465 610
12 611
475 612
483 613
35 614
168 615
362 616
91 617
245 618
4 619
341 620
468 621
388 622
603 623
212 624
397 625
526 626
453 627
414 628
453 629
16 630
74 631
146 632
441 633
185 634
570 635
288 636
154 637
550 638
431 639
12 640
205 641
525 642
612 643
363 644
625 645
488 646
207 647
464 648
524 649
84 650
648 651
301 652
110 653
363 654
104 655
399 656
572 657
300 658
468 659
565 660
354 661
609 662
392 663
170 664
618 665
104 666
515 667
76 668
123 669
485 670
552 671
7 672
258 673
40 674
550 675
555 676
101 677
369 678
270 679
230 680
51 681
570 682
453 683
562 684
37 685
590 686
268 687
461 688
376 689
506 690
659 691
610 692
641 693
376 694
660 695
501 696
560 697
114 698
393 699
513 700
521 701
549 702
584 703
357 704
310 705
504 706
69 707
201 708
343 709
325 710
429 711
202 712
512 713
696 714
234 715
642 716
207 717
83 718
244 719
465 720
164 721
230 722
471 723
614 724
407 725
23 726
545 727
102 728
397 729
721 730
101 731
409 732
398 579
653 445
136 472
522 589
116 102
685 483
208 407
249 330
463 691
2 45
385 33
433 415
242 243
681 626
216 365
722 167
158 574
593 720
281 103
241 402
150 5
129 247
454 599
311 578
86 374
302 718
37 192
441 526
348 590
378 420
169 1
8 405
347 501
718 183
688 77
718 652
183 588
159 328
555 532
91 222
102 253
45 355
138 283
255 258
8 229
281 718
16 370
713 236
119 500
278 366
701 604
13 565
399 232
407 280
157 505
665 3
653 605
546 533
727 125
528 517
51 724
75 385
522 87
169 10
1 636
672 610
440 559
23 107
32 335
725 305
370 126
313 183
418 324
277 634
713 533
567 21
655 500
419 440
86 225
222 121
649 579
156 210
21 410
15 61
476 479
318 214
193 683
540 468
221 76
78 212
513 472
28 713
678 264
436 307
716 346
106 709
355 131
646 54
429 542
249 127
142 383
713 35
90 145
572 218
683 89
406 543
340 408
119 406
211 548
409 618
556 536
204 484
592 84
619 211
59 518
338 141
38 708
598 657
10 15
283 383
431 685
715 405
565 336
365 434
559 209
183 578
151 54
44 700
167 540
134 455
275 334
237 712
649 136
342 642
628 589
705 29
341 674
387 128
581 384
81 247
184 206
256 694
12 104
58 160
684 613
291 248
82 70
382 555
389 405
308 108
84 359
720 619
553 199
350 343
26 456
43 628
344 259
391 514
387 463
419 548
564 318
39 9
719 499
513 22
304 330
348 671
90 306
70 353
4 228
318 47
102 33
635 246
406 596
524 630
400 697
694 192
29 363
1 151
146 64
114 62
710 612
10 509
423 129
90 316
641 133
449 34
580 490
354 483
211 73
463 295
520 716
115 517
513 721
629 532
639 53
134 726
281 65
695 552
121 636
92 123
192 399
334 642
721 311
663 189
369 3
101 608
174 688
398 110
179 719
483 358
250 202
228 258
279 731
657 615
38 15
509 298
177 445
550 298
639 313
486 395
466 181
233 353
170 91
128 395
68 461
575 49
44 336
524 78
671 513
310 38
638 331
436 417
480 459
47 242
716 535
471 254
553 283
539 286
25 255
424 348
151 179
238 15
360 665
35 242
605 464
18 350
15 503
389 485
722 109
699 367
39 64
275 540
127 366
611 136
117 183
638 490
308 406
527 70
578 236
228 19
442 642
451 205
659 607
24 596
398 668
373 532
229 579
241 359
658 321
558 486
48 43
387 312
423 469
170 501
435 378
151 108
449 249
595 533
361 344
78 452
297 339
598 117
28 221
281 706
700 336
615 120
65 696
185 250
464 560
488 388
133 700
324 209
34 332
645 114
185 132
634 581
85 2
20 398
334 60
15 341
564 211
330 614
205 453
722 180
184 347
291 447
226 555
231 679
629 519
365 310
516 489
704 77
588 318
169 328
186 399
128 213
175 94
719 145
194 430
366 323
498 582
381 663
570 406
345 656
138 575
684 419
261 378
72 546
57 101
160 621
53 366
107 633
231 690
295 372
326 235
707 82
598 594
433 503
79 122
65 582
638 79
501 376
100 4
375 95
97 97
577 272
561 45
120 485
486 206
501 79
421 468
27 585
241 526
640 467
339 257
383 461
548 43
144 1
69 269
107 584
110 65
453 302
288 421
559 509
51 298
713 670
77 130
517 117
81 95
209 716
305 377
180 555
652 7
61 219
585 695
302 598
674 670
627 516
297 673
605 538
11 419
179 578
448 468
505 528
476 479
712 628
353 393
447 58
663 336
232 116
218 461
576 56
420 591
559 219
449 405
649 363
76 331
644 694
277 574
159 196
17 704
361 145
648 210
148 261
420 697
382 362
250 420
323 470
648 147
233 722
430 606
687 160
600 696
623 314
372 397
212 328
89 189
516 158
488 470
19 528
447 34
658 81
25 10
361 428
687 45
270 250
62 23
723 69
351 670
480 538
29 236
583 717
451 106
378 220
555 7
316 475
544 87
9 75
437 301
93 494
28 302
693 377
580 583
630 307
327 7
416 19
581 731
104 161
678 608
226 658
232 280
656 155
379 525
217 590
228 84
31 245
707 288
494 529
428 525
59 109
22 669
357 120
115 26
719 218
185 330
520 35
332 81
694 475
649 207
580 185
205 516
180 204
364 622
637 605
195 310
90 423
138 427
293 349
563 442
701 635
397 668
241 538
582 607
130 627
77 265
469 484
532 559
451 244
608 504
71 333
388 68
639 97
730 77
67 218
21 209
141 561
300 86
19 204
26 261
469 52
263 499
596 352
550 295
544 31
418 722
499 122
7 394
327 600
343 712
220 404
630 137
587 726
457 285
260 447
464 503
162 137
104 674
294 203
466 407
75 515
14 353
477 351
292 208
533 515
199 666
126 198
13 574
192 496
240 71
732 258
376 725
29 242
211 673
533 451
56 720
677 583
448 140
629 440
672 62
9 626
260 649
671 488
698 602
202 223
605 498
77 613
703 192
158 199
296 128
475 612
596 624
73 115
564 231
680 505
446 689
563 637
457 461
242 402
138 351
15 553
229 118
557 200
616 103
245 660
67 731
272 620
663 677
111 408
291 342
300 659
298 56
520 553
495 592
712 525
643 156
278 376
675 581
255 88
359 282
639 430
485 695
462 637
239 659
59 1
68 358
252 713
40 55
263 724
692 112
75 452
443 61
732 43
659 705
659 640
401 37
519 456
312 335
31 430
526 88
137 710
340 298
597 655
53 79
700 597
623 156
169 603
169 59
520 202
282 241
281 556
81 477
621 190
74 487
554 71
308 726
602 603
641 566
108 165
112 595
151 653
348 572
149 442
74 272
674 521
26 457
526 465
83 612
426 237
87 523
547 233
215 503
553 592
381 275
446 647
633 90
601 553
391 37
84 382
360 655
74 657
381 470
293 305
263 481
21 387
489 456
331 426
69 190
503 598
263 43
338 498
404 587
369 690
597 725
165 586
673 557
704 529
235 463
122 666
441 421
574 90
430 93
233 592
377 512
282 536
124 276
453 1
278 443
659 467
281 410
115 2
228 447
625 105
330 540
510 155
434 385
485 126
657 654
617 499
179 131
280 631
534 645
601 689
498 256
267 105
19 364
217 206
94 190
440 377
424 505
143 693
193 326
190 157
662 131
687 481
156 30
624 329
647 307
112 524
24 365
530 430
639 81
532 495
514 129
237 450
